0,1,2,3,4,5,6,7,8,9,10,11,12,13,14,15,16,17,18,19
50.87398,50.813038,50.91685,51.104618,50.795517,50.78114,50.73851,50.88085,50.988567,50.629707,50.766968,50.936863,50.825863,50.6032,50.61913,50.794937,50.682568,50.898697,50.761616,50.811092
50.859737,50.804386,50.896717,51.115696,50.76599,50.852825,50.872128,50.91084,51.023895,50.6682,50.82294,50.97548,50.896255,50.8239,50.68545,50.80721,50.73908,50.93386,50.81637,50.853687
50.995598,50.9466,51.032173,51.256493,50.88923,51.065243,51.11736,51.0705,51.19042,50.841957,51.007095,51.153393,51.11454,51.116978,50.90287,50.966545,50.931274,51.10948,51.00603,51.039955
51.153217,51.11682,51.189716,51.40012,51.041542,51.24791,51.275375,51.227646,51.345367,51.0074,51.178772,51.32967,51.31338,51.27999,51.102108,51.12574,51.10847,51.283875,51.182858,51.21693
51.048485,51.031395,51.07869,51.2845,50.936295,51.120304,51.056515,51.108185,51.218433,50.892708,51.07387,51.22914,51.208794,51.05922,51.000908,50.995663,50.994938,51.1856,51.073387,51.106483
50.577255,50.57893,50.595547,50.821774,50.464104,50.619514,50.431183,50.62686,50.731613,50.418297,50.613758,50.7649,50.73074,50.46405,50.527912,50.48962,50.514435,50.7313,50.598366,50.628918
49.800068,49.81288,49.808323,50.07081,49.68388,49.844128,49.565887,49.856014,49.96116,49.65954,49.86811,50.006565,49.973648,49.67225,49.77213,49.691006,49.748795,49.990036,49.836994,49.864857
49.09827,49.10885,49.10034,49.38967,48.97579,49.17544,48.899406,49.167034,49.27757,48.985687,49.199966,49.327473,49.318596,49.08715,49.10873,48.987846,49.075104,49.330044,49.161697,49.185947
48.874744,48.870243,48.871475,49.155544,48.74454,48.980442,48.79656,48.940327,49.057095,48.77033,48.979736,49.113377,49.13149,49.015026,48.90744,48.771385,48.87131,49.124886,48.9434,48.963776
49.34328,49.319126,49.33149,49.576015,49.209625,49.434273,49.364693,49.377544,49.4945,49.20821,49.40354,49.566433,49.58532,49.52663,49.35178,49.238518,49.32711,49.566105,49.37125,49.388012
50.50469,50.464367,50.47921,50.66869,50.374584,50.526367,50.51738,50.488472,50.594166,50.306313,50.482098,50.690105,50.670258,50.553463,50.4389,50.38141,50.44134,50.65867,50.449886,50.462265
52.081093,52.03225,52.038845,52.186817,51.96043,52.006405,51.982197,52.02031,52.105488,51.817818,51.973183,52.223583,52.140118,51.890545,51.921597,51.927464,51.96087,52.15594,51.93602,51.940895
53.673424,53.622902,53.616177,53.75684,53.562145,53.523293,53.44981,53.597176,53.661716,53.378193,53.518646,53.78927,53.65047,53.29908,53.448612,53.49153,53.519547,53.698784,53.47502,53.467625
54.850243,54.800976,54.783165,54.9527,54.739407,54.678787,54.580235,54.79159,54.84515,54.57176,54.70957,54.96667,54.80968,54.463333,54.621773,54.652122,54.703453,54.878967,54.66031,54.6374
55.37839,55.327095,55.30485,55.522408,55.252365,55.237514,55.159084,55.352383,55.407993,55.15217,55.301395,55.517998,55.38406,55.134224,55.20521,55.176514,55.270252,55.45606,55.24785,55.209442
55.16846,55.109386,55.090424,55.350727,55.016037,55.081646,55.039116,55.16776,55.234676,55.00144,55.169773,55.340046,55.250473,55.10576,55.078846,54.970325,55.105793,55.310364,55.112553,55.063404
54.293777,54.22574,54.213955,54.4936,54.116863,54.25142,54.220665,54.30013,54.379917,54.16739,54.35249,54.491352,54.44053,54.334084,54.27748,54.099724,54.259933,54.4843,54.29207,54.240196
52.91906,52.84722,52.84224,53.110847,52.73045,52.88866,52.841682,52.916065,53.003937,52.801186,52.9935,53.124626,53.08975,52.94357,52.93516,52.723637,52.88485,53.124268,52.931858,52.884663
51.295055,51.226006,51.22547,51.458828,51.10963,51.23877,51.185226,51.275394,51.36289,51.15405,51.34242,51.485706,51.443058,51.230434,51.2907,51.09303,51.232655,51.480747,51.283245,51.243534
49.686115,49.622105,49.62532,49.813805,49.514668,49.579628,49.56606,49.65023,49.73128,49.502254,49.679474,49.84451,49.779964,49.538902,49.61877,49.47812,49.580692,49.829956,49.626408,49.591877
48.31901,48.25853,48.26582,48.418274,48.167267,48.162807,48.232407,48.271347,48.346443,48.0916,48.2566,48.442333,48.35488,48.147236,48.174133,48.112595,48.173046,48.417038,48.21067,48.178196
47.46244,47.402397,47.415264,47.54909,47.33092,47.278946,47.437325,47.406773,47.482983,47.20514,47.360252,47.561707,47.459736,47.321224,47.25332,47.268696,47.292435,47.52558,47.320736,47.29009
47.392223,47.329296,47.350018,47.477104,47.277508,47.21024,47.43283,47.33,47.41511,47.121742,47.266453,47.481876,47.376846,47.301754,47.14535,47.22098,47.21834,47.434586,47.234142,47.207783
48.071133,48.005547,48.03393,48.161743,47.96901,47.912743,48.154655,48.005085,48.102257,47.80154,47.936863,48.163456,48.06143,48.017708,47.81516,47.924522,47.908463,48.106434,47.910713,47.891243
49.28187,49.21753,49.247536,49.38771,49.185787,49.15826,49.356712,49.21819,49.32566,49.025856,49.15938,49.385273,49.289207,49.23378,49.044914,49.15285,49.140182,49.326004,49.133,49.121117
50.57532,50.518276,50.539993,50.71361,50.47887,50.494953,50.58041,50.525127,50.639587,50.348797,50.4953,50.69891,50.61436,50.50731,50.389675,50.453117,50.464417,50.650986,50.458836,50.45255
51.460815,51.41652,51.42239,51.651886,51.35829,51.435562,51.357174,51.437016,51.556473,51.282467,51.4573,51.61542,51.554836,51.373188,51.360535,51.33914,51.390804,51.592674,51.402477,51.39837
51.704277,51.67329,51.66278,51.954685,51.589226,51.74361,51.50435,51.71356,51.836487,51.584526,51.793236,51.897,51.874256,51.62912,51.708504,51.582726,51.67978,51.906406,51.72039,51.714943
51.249996,51.228992,51.20741,51.545334,51.118713,51.34906,51.011696,51.287334,51.411976,51.181477,51.41724,51.478634,51.49611,51.231308,51.348545,51.12875,51.263428,51.516182,51.333492,51.32452
50.485203,50.465977,50.441753,50.78392,50.33796,50.612186,50.281563,50.5313,50.65349,50.434357,50.679203,50.73106,50.772564,50.536747,50.62929,50.359978,50.512154,50.781845,50.595737,50.58184
49.870365,49.843853,49.824627,50.115746,49.71503,49.96837,49.752487,49.898582,50.009167,49.78391,50.015614,50.100185,50.131607,49.94789,49.98179,49.73344,49.87204,50.13963,49.94281,49.92172
49.75902,49.72002,49.70661,49.905376,49.608932,49.76304,49.723568,49.745518,49.832375,49.58602,49.786926,49.93821,49.91838,49.767982,49.75625,49.60138,49.694237,49.939705,49.73034,49.69737
50.219353,50.16905,50.1529,50.257782,50.085472,50.085087,50.205166,50.153866,50.20873,49.938164,50.102863,50.33205,50.229332,50.065544,50.052917,50.03179,50.065258,50.277714,50.060497,50.01019
51.003666,50.949642,50.917282,50.972286,50.88777,50.735172,50.928257,50.898537,50.923096,50.639038,50.777317,51.06641,50.876743,50.661377,50.686497,50.78225,50.775097,50.957294,50.740444,50.670216
51.784756,51.73617,51.677593,51.75089,51.675793,51.441685,51.605392,51.67259,51.6788,51.401546,51.532925,51.84031,51.598003,51.33409,51.395386,51.535507,51.53529,51.70118,51.49157,51.4041
52.31896,52.27985,52.19438,52.342903,52.197247,51.99129,52.074177,52.23633,52.239746,51.9907,52.135895,52.413223,52.18094,51.916992,51.968674,52.056625,52.116394,52.283936,52.08333,51.986546
52.4075,52.37435,52.26983,52.51536,52.25769,52.17031,52.18694,52.37518,52.38629,52.179836,52.35473,52.56668,52.405487,52.19706,52.190243,52.147083,52.298912,52.481995,52.288452,52.19128
51.9854,51.95184,51.83784,52.16287,51.80491,51.863464,51.85196,52.001404,52.017925,51.85756,52.06881,52.20679,52.14663,52.00399,51.93842,51.733635,51.97435,52.178665,51.98967,51.89857
51.235245,51.19662,51.080296,51.438076,51.03439,51.19925,51.186485,51.280937,51.290527,51.16719,51.408463,51.494034,51.52317,51.401848,51.32894,50.99037,51.286755,51.509018,51.32124,51.237644
50.37703,50.33513,50.218845,50.554783,50.174084,50.36648,50.373894,50.43046,50.419533,50.314083,50.569286,50.641243,50.714527,50.562565,50.53509,50.131676,50.439716,50.671265,50.481148,50.400555
49.679276,49.637684,49.521477,49.794823,49.49033,49.632713,49.69112,49.72455,49.685337,49.574356,49.826702,49.920673,49.98413,49.791443,49.81345,49.424637,49.707653,49.939564,49.74225,49.6571
49.292072,49.25195,49.13531,49.33572,49.125156,49.175236,49.311153,49.324413,49.25723,49.123634,49.36336,49.495045,49.510807,49.314457,49.34,49.023827,49.263386,49.48889,49.2815,49.18469
49.324966,49.28558,49.166428,49.316708,49.179012,49.144325,49.34904,49.350216,49.262558,49.103306,49.329155,49.4926,49.454906,49.2974,49.273525,49.04578,49.24638,49.46122,49.24617,49.134064
49.94382,49.904335,49.779083,49.917812,49.80994,49.735912,49.964325,49.970066,49.874546,49.700874,49.914276,50.092705,50.02619,49.91838,49.822872,49.660385,49.842613,50.046555,49.830498,49.70299
51.22652,51.18753,51.05107,51.212173,51.091766,51.029163,51.22897,51.25407,51.16469,50.99408,51.19758,51.376293,51.312485,51.23111,51.08329,50.94163,51.1312,51.325905,51.11627,50.976093
53.364975,53.324993,53.17465,53.367413,53.215843,53.19116,53.341618,53.381645,53.30807,53.153793,53.34858,53.524147,53.480335,53.390095,53.230713,53.074535,53.28788,53.473633,53.272552,53.12417
56.417904,56.37224,56.212406,56.417637,56.249027,56.250134,56.37905,56.404842,56.347622,56.214115,56.399094,56.579353,56.547863,56.427376,56.292618,56.115456,56.350075,56.522575,56.32673,56.174538
60.19488,60.138966,59.978046,60.167088,60.014088,59.998985,60.15277,60.13953,60.090084,59.973183,60.148266,60.34383,60.298515,60.14133,60.05659,59.87604,60.115776,60.26797,60.073154,59.919445
64.28356,64.21563,64.06074,64.21824,64.107956,64.03205,64.23138,64.189514,64.13614,64.02726,64.19549,64.41143,64.32619,64.128975,64.11143,63.948456,64.178665,64.307335,64.11145,63.952854
67.88855,67.81402,67.66313,67.8033,67.73363,67.57698,67.792046,67.776566,67.711945,67.60326,67.77333,68.00206,67.86733,67.62385,67.683914,67.54036,67.759346,67.871635,67.677795,67.50703
70.171646,70.09965,69.94304,70.10313,70.03656,69.821884,69.986176,70.069695,69.9933,69.88453,70.06952,70.289314,70.12052,69.82679,69.96243,69.81297,70.033676,70.148575,69.964714,69.77415
70.57056,70.50856,70.33617,70.55498,70.4334,70.225426,70.27872,70.500046,70.41762,70.320854,70.531044,70.71646,70.54585,70.21875,70.40277,70.20385,70.44859,70.59186,70.422745,70.2101
68.9546,68.90541,68.71826,69.014656,68.79077,68.666855,68.593,68.92422,68.84685,68.78266,69.018036,69.15434,69.01375,68.695885,68.88119,68.586,68.87821,69.07043,68.91304,68.68428
65.55584,65.52133,65.33209,65.69472,65.36343,65.36227,65.19232,65.56433,65.50191,65.48033,65.73387,65.82284,65.72887,65.46458,65.61271,65.19373,65.54507,65.79067,65.63759,65.40424
61.142128,61.11806,60.944744,61.3251,60.940464,61.029663,60.840385,61.175114,61.12729,61.132374,61.391777,61.45002,61.40552,61.202805,61.307457,60.791004,61.182312,61.46396,61.30717,61.08146
56.84807,56.82058,56.677494,56.997917,56.66147,56.748432,56.66463,56.87602,56.830677,56.82364,57.06526,57.12946,57.12088,56.952427,57.02421,56.511383,56.88183,57.163624,56.99875,56.789097
53.54993,53.50576,53.39191,53.587227,53.39663,53.36772,53.513607,53.531982,53.476364,53.41738,53.612373,53.731533,53.72126,53.557693,53.598103,53.226685,53.498287,53.746315,53.575626,53.3831
51.77167,51.70917,51.611214,51.664833,51.664673,51.429043,51.86051,51.674366,51.60734,51.474182,51.600864,51.820843,51.751854,51.582306,51.578865,51.45455,51.576534,51.774773,51.60458,51.423897
51.51271,51.440144,51.34648,51.29942,51.456944,50.996624,51.657986,51.338276,51.267212,51.061966,51.11917,51.454624,51.279858,51.11704,51.053173,51.19397,51.173023,51.325047,51.160267,50.985394
52.25951,52.192657,52.098797,52.04144,52.249977,51.65723,52.37702,52.06432,52.001194,51.7449,51.763096,52.169746,51.890396,51.7636,51.631523,51.945866,51.85267,51.974533,51.81615,51.64829
53.196224,53.155712,53.058186,53.10206,53.218388,52.675102,53.23345,53.067516,53.03021,52.755596,52.79424,53.17097,52.85472,52.79013,52.602844,52.910217,52.85647,52.972954,52.820946,52.6695
53.658318,53.65403,53.553215,53.77259,53.687565,53.373226,53.630978,53.654045,53.66167,53.4029,53.523785,53.763298,53.517033,53.515293,53.30882,53.42617,53.498985,53.638657,53.498486,53.370785
53.34533,53.36442,53.27052,53.660816,53.352146,53.35224,53.31162,53.457714,53.517864,53.298264,53.528824,53.585903,53.49196,53.524025,53.344,53.18432,53.390694,53.575733,53.455093,53.35109
52.340103,52.360554,52.28529,52.774273,52.307648,52.583374,52.34568,52.51054,52.617382,52.441017,52.75562,52.675808,52.74192,52.764843,52.64608,52.248688,52.527657,52.762016,52.660423,52.575947
51.094234,51.102627,51.05402,51.53144,51.03158,51.444653,51.149693,51.25034,51.38922,51.23406,51.568268,51.461437,51.61877,51.59663,51.551105,51.0462,51.31572,51.58474,51.486958,51.418392
50.17144,50.165314,50.149128,50.50029,50.10532,50.47312,50.263046,50.258614,50.407047,50.228184,50.514187,50.495186,50.63622,50.553665,50.569572,50.12787,50.312267,50.59081,50.47485,50.416878
50.049046,50.026028,50.044605,50.19777,50.004032,50.17117,50.15234,50.043587,50.17526,49.927353,50.124344,50.26284,50.290077,50.15699,50.202854,49.979446,50.024162,50.28581,50.13755,50.080246
50.910286,50.86638,50.91466,50.878777,50.90182,50.798794,50.996655,50.81824,50.917732,50.582928,50.689068,50.989616,50.85378,50.700233,50.73105,50.8062,50.695087,50.92267,50.74587,50.678806
52.584156,52.5229,52.589714,52.446854,52.617744,52.281754,52.626194,52.436584,52.510307,52.108383,52.1495,52.56482,52.27819,52.139565,52.112663,52.45731,52.225548,52.416862,52.231956,52.148243
54.68167,54.615894,54.687073,54.551876,54.74285,54.301556,54.654167,54.52569,54.597027,54.172066,54.182575,54.64081,54.268787,54.167534,54.062504,54.550068,54.278355,54.447098,54.275513,54.175896
56.73364,56.67708,56.73827,56.714222,56.786488,56.408638,56.62187,56.614338,56.713127,56.313766,56.32458,56.75209,56.387062,56.32005,56.15438,56.608334,56.396996,56.568897,56.41701,56.311016
58.245327,58.202152,58.245026,58.39168,58.25229,58.073875,58.05527,58.186882,58.332756,57.996735,58.035553,58.37083,58.100063,58.03586,57.866936,58.1263,58.05269,58.256485,58.116318,58.01936
58.92052,58.88284,58.91079,59.22395,58.8645,58.92995,58.678978,58.919567,59.10648,58.852226,58.942818,59.150173,59.026543,58.916435,58.81998,58.80309,58.88435,59.137993,58.999958,58.924736
58.583374,58.541237,58.56388,58.98712,58.475655,58.731728,58.323658,58.61957,58.819508,58.64219,58.797016,58.876705,58.90083,58.704727,58.737335,58.46366,58.656494,58.959927,58.820812,58.772278
57.379406,57.329407,57.354492,57.80562,57.24916,57.585052,57.134632,57.42872,57.610126,57.482327,57.694546,57.682777,57.807575,57.521973,57.68525,57.25338,57.48763,57.8232,57.68336,57.657104
55.745087,55.687405,55.720707,56.11394,55.621952,55.91951,55.558582,55.786125,55.929512,55.80753,56.048378,56.006863,56.160736,55.831448,56.06036,55.607613,55.815556,56.15539,56.012604,55.99826
54.332676,54.26316,54.31108,54.575962,54.23374,54.40221,54.260708,54.34801,54.44652,54.285145,54.513,54.510433,54.62269,54.330124,54.51692,54.182518,54.3093,54.622406,54.472973,54.45628
53.68938,53.602604,53.66542,53.773968,53.619358,53.61254,53.767704,53.66768,53.72305,53.495674,53.673748,53.764282,53.781364,53.597862,53.645664,53.530582,53.544098,53.805676,53.650143,53.616184
54.0,53.89954,53.964966,53.94938,53.956913,53.778652,54.191696,53.940365,53.962337,53.671425,53.7879,53.99062,53.886314,53.82617,53.70877,53.83626,53.742054,53.943684,53.7904,53.728096
55.05723,54.96159,55.006588,54.951504,55.034504,54.741093,55.244488,54.97771,54.982613,54.654755,54.72997,55.01865,54.80409,54.8075,54.588455,54.888428,54.738014,54.89052,54.752533,54.659473
56.4622,56.39605,56.397842,56.406773,56.44506,56.14125,56.5112,56.398045,56.405598,56.07942,56.1533,56.46566,56.19388,56.16847,55.95591,56.288536,56.16537,56.29321,56.179256,56.063957
57.76445,57.744675,57.69154,57.845387,57.73263,57.541496,57.61817,57.751392,57.7796,57.49333,57.605976,57.86768,57.620907,57.508926,57.3812,57.588905,57.575603,57.70839,57.61678,57.496357
58.761414,58.783394,58.681606,59.001938,58.69687,58.701862,58.483772,58.810516,58.86712,58.64746,58.8213,58.980705,58.837517,58.64885,58.612026,58.586838,58.725887,58.886524,58.80543,58.697067
59.575302,59.612453,59.48448,59.91918,59.47433,59.666626,59.312992,59.663303,59.737194,59.58873,59.818733,59.87592,59.87261,59.659763,59.667236,59.40102,59.670647,59.86358,59.777122,59.688927
60.25497,60.27903,60.148346,60.599026,60.1344,60.407017,60.123672,60.34035,60.403366,60.30608,60.566025,60.571472,60.6773,60.47785,60.490803,60.07445,60.400593,60.611965,60.509876,60.434254
60.708183,60.707813,60.58156,60.95862,60.592728,60.797905,60.69787,60.756237,60.776974,60.69716,60.956722,60.97993,61.10992,60.90518,60.938873,60.505474,60.80856,61.018585,60.897682,60.815605
60.642673,60.626667,60.492645,60.762257,60.54764,60.581573,60.63147,60.644573,60.6071,60.514854,60.75457,60.844612,60.90569,60.639336,60.74815,60.39932,60.637936,60.836285,60.69832,60.589447
59.77985,59.765358,59.60752,59.79835,59.70406,59.562805,59.647877,59.756824,59.667313,59.55156,59.767143,59.93007,59.8751,59.52263,59.72872,59.489082,59.674507,59.864304,59.713856,59.56674
58.00978,58.008987,57.822445,57.997967,57.940098,57.710835,57.74721,58.000534,57.88045,57.75146,57.950703,58.154144,58.005165,57.62472,57.86296,57.684795,57.863064,58.055866,57.899933,57.71473
55.619972,55.63211,55.427605,55.64191,55.53996,55.339634,55.336964,55.65419,55.529205,55.407665,55.600998,55.802055,55.627937,55.334282,55.478313,55.285847,55.506493,55.71185,55.555626,55.342213
53.222122,53.23607,53.03164,53.296024,53.12306,53.025227,53.06227,53.300503,53.18978,53.088676,53.280388,53.45777,53.325848,53.204273,53.158863,52.90089,53.185863,53.403416,53.247005,53.01986
51.658978,51.66095,51.47243,51.745842,51.545666,51.538044,51.70249,51.752308,51.657898,51.573345,51.7555,51.925713,51.860645,51.89956,51.672993,51.3599,51.685745,51.903744,51.742847,51.516582
51.569214,51.550346,51.384186,51.599976,51.45731,51.44954,51.790474,51.632385,51.540794,51.457855,51.61616,51.818073,51.78909,51.88949,51.58503,51.28516,51.59538,51.79947,51.629246,51.411087
53.15242,53.107967,52.960938,53.076267,53.05817,52.93774,53.443005,53.146618,53.043697,52.944992,53.072784,53.336346,53.27882,53.3249,53.067528,52.863327,53.104923,53.286774,53.10428,52.89294
55.96507,55.893856,55.760597,55.792038,55.900898,55.612377,56.19351,55.887035,55.77251,55.646168,55.753883,56.072052,55.93559,55.865734,55.730545,55.654602,55.814453,55.97597,55.78108,55.57463
59.300205,59.20846,59.08837,59.103096,59.271503,58.866104,59.387405,59.197216,59.08084,58.928497,59.03565,59.3636,59.16133,58.992546,58.971363,58.975784,59.088154,59.23781,59.040325,58.83963
62.40553,62.30964,62.202187,62.277874,62.40367,62.015064,62.371376,62.347195,62.23722,62.084286,62.20472,62.482613,62.290226,62.098022,62.110947,62.09237,62.21649,62.369995,62.189835,61.990746
64.696655,64.613655,64.51097,64.69986,64.69123,64.458916,64.616745,64.717896,64.629005,64.51059,64.64922,64.8359,64.733315,64.5903,64.556015,64.41284,64.59871,64.77856,64.63058,64.42421
66.16639,66.097755,65.99025,66.29435,66.113625,66.10718,66.09057,66.24124,66.19753,66.12995,66.286285,66.38449,66.400154,66.31789,66.22119,65.90661,66.17302,66.39763,66.274284,66.05993
67.141266,67.07783,66.968636,67.33297,67.02278,67.202324,67.07561,67.21212,67.228065,67.19873,67.367325,67.42161,67.51621,67.445694,67.34572,66.889786,67.21413,67.48277,67.361046,67.14902
68.105255,68.04111,67.944756,68.276215,67.9483,68.17804,68.04387,68.12322,68.1832,68.16035,68.32815,68.39921,68.49422,68.370476,68.34571,67.84991,68.173386,68.462776,68.32181,68.12268
69.48368,69.41454,69.340935,69.55592,69.33543,69.44911,69.42714,69.4232,69.48586,69.4363,69.584724,69.72254,69.73968,69.52949,69.61511,69.2149,69.46817,69.74419,69.57608,69.38776
71.311386,71.23331,71.17541,71.25039,71.20968,71.08593,71.24743,71.173096,71.19726,71.10267,71.21785,71.44419,71.33525,71.05302,71.21789,71.01988,71.16042,71.395096,71.20858,71.01526
73.0781,72.99443,72.92899,72.91928,73.03474,72.65262,72.94714,72.889435,72.85889,72.72231,72.809296,73.10919,72.87186,72.556694,72.73687,72.75457,72.79711,72.98355,72.80091,72.58339
73.98763,73.91706,73.81581,73.82947,73.981064,73.437706,73.689125,73.80045,73.72575,73.575134,73.66427,73.98569,73.66652,73.34652,73.499435,73.62775,73.64926,73.81257,73.65431,73.398994
73.3451,73.317406,73.1617,73.30458,73.330574,72.800316,72.802635,73.21273,73.11677,73.00657,73.145546,73.41335,73.08771,72.76386,72.90251,72.95654,73.06747,73.25934,73.1276,72.829
70.86218,70.89257,70.68504,71.01574,70.799965,70.44206,70.090294,70.808365,70.712364,70.6977,70.93869,71.07559,70.823875,70.474724,70.657,70.46189,70.75103,71.01716,70.89843,70.55707
66.77678,66.84068,66.597244,67.11205,66.648544,66.536064,65.885826,66.782745,66.71681,66.789505,67.17111,67.11983,67.02129,66.614845,66.89344,66.36616,66.85672,67.19969,67.08606,66.712326
61.7782,61.824894,61.55402,62.17907,61.583885,61.68562,60.939,61.79933,61.763634,61.86881,62.37886,62.144287,62.24671,61.77787,62.14377,61.328506,61.96958,62.341717,62.243946,61.861256
56.914944,56.908005,56.609146,57.19733,56.681396,56.843025,56.29455,56.905193,56.838623,56.939144,57.469326,57.174614,57.43477,56.95129,57.321404,56.40115,57.069466,57.39836,57.34222,56.97127
53.0915,53.037308,52.706547,53.098972,52.884735,52.853573,52.765907,53.013405,52.86806,52.934124,53.311314,53.178814,53.465794,53.019974,53.28261,52.518127,53.06231,53.303204,53.29601,52.940464
50.68267,50.62799,50.25003,50.3919,50.58296,50.139317,50.591694,50.525753,50.3064,50.300438,50.408367,50.632168,50.7982,50.409428,50.475693,50.066406,50.39895,50.57088,50.57593,50.221466
51.0939,51.006824,50.72892,50.60842,51.089733,50.333504,51.334717,50.970364,50.559788,50.561172,50.70704,51.023685,50.7874,50.603367,50.595108,50.55177,50.735966,50.82422,50.67776,50.277878
53.33697,53.240513,52.940754,52.754436,53.355534,52.44033,53.506516,53.21315,52.76104,52.731464,52.808167,53.251022,52.857597,52.75019,52.64197,52.778824,52.919193,52.95304,52.81982,52.347378
54.247665,54.1677,53.824867,53.74953,54.240723,53.440464,54.23889,54.21286,53.76396,53.774506,53.829586,54.280975,53.866814,53.799343,53.642647,53.6955,53.941284,53.983807,53.871742,53.338615
53.356472,53.31351,52.913254,53.094395,53.282673,52.835533,53.13165,53.469524,53.05553,53.18671,53.280487,53.608166,53.335423,53.249443,53.1226,52.816402,53.299835,53.42141,53.329422,52.76297
50.851753,50.850254,50.39266,50.887672,50.70229,50.70321,50.4407,51.119278,50.746567,51.051884,51.233646,51.34755,51.336506,51.173603,51.149536,50.309242,51.097057,51.344433,51.259674,50.69368
47.616608,47.646564,47.144646,47.883434,47.423595,47.765705,47.117245,47.990883,47.632885,48.105827,48.395424,48.284275,48.56538,48.289185,48.405346,47.04007,48.10213,48.47435,48.37529,47.835155
47.598846,47.695724,47.189674,48.119232,47.830395,48.319668,47.83452,48.206005,47.65951,48.448093,48.768963,48.285213,49.247284,48.850895,49.026398,47.10189,48.52919,48.93467,48.536102,48.007313
53.4587,53.47632,52.955715,53.71761,53.59823,53.94926,53.471596,53.778214,53.276554,54.07848,54.2529,53.968765,55.07642,54.134552,54.633335,52.805515,54.190575,54.59593,54.14555,53.617977
63.382923,63.398113,62.71261,63.33323,63.526882,63.236057,63.16654,63.276463,62.904522,63.512657,63.513218,63.68642,64.471085,63.23588,64.07777,62.522095,63.637993,64.06776,63.66854,63.249435
76.65189,76.73284,75.88369,76.30034,76.93871,75.785736,76.424255,76.295525,75.77265,76.29123,76.09427,76.802376,76.87974,75.575966,76.774605,75.69492,76.36416,76.780754,76.53898,76.19806
91.812775,91.99061,91.042786,91.24755,92.23219,90.398506,91.59125,91.34931,90.625916,91.17312,90.71174,91.84419,91.2434,90.005646,91.471375,90.90539,91.114655,91.40437,91.37392,90.88273
106.8023,107.05992,106.00726,106.20286,107.18013,105.10714,106.22734,106.29263,105.54058,106.13098,105.432045,106.79539,105.76587,104.72405,106.23667,105.90438,105.88894,106.09111,106.229996,105.597435
114.73979,114.63402,113.87645,113.806046,114.76839,113.425514,114.63077,114.72899,113.84399,114.14368,114.11309,114.71936,114.10117,114.1402,113.88177,113.75273,114.35392,114.20282,114.154175,113.28616
118.436195,118.3487,117.556145,117.76079,118.395996,117.42547,118.17611,118.6075,117.76589,118.16437,118.22423,118.63128,118.215515,118.19158,118.01956,117.44781,118.33439,118.309525,118.2564,117.3549
118.576256,118.47408,117.68079,118.103714,118.436035,117.821526,118.25471,118.85483,118.012215,118.5686,118.7401,118.890465,118.80496,118.60752,118.61313,117.608444,118.66396,118.81329,118.75886,117.82295
115.33446,115.20962,114.438614,115.06114,115.11173,114.835655,115.00514,115.69147,114.83132,115.59194,115.8388,115.78733,115.99869,115.63347,115.81136,114.424255,115.59381,115.89757,115.83063,114.89412
109.64666,109.524796,108.782646,109.55034,109.4484,109.37402,109.32248,110.0127,109.19419,110.14171,110.4138,110.25341,110.64536,110.187096,110.49709,108.74877,110.04817,110.48291,110.37461,109.481606
103.21373,103.11147,102.42293,103.08791,103.109955,102.918365,102.959435,103.51428,102.729095,103.70409,103.964615,103.79731,104.22793,103.76202,104.14412,102.25887,103.58928,104.07196,103.90455,103.062515
97.80778,97.6927,97.04552,97.365715,97.74228,97.17743,97.714615,98.04466,97.12926,97.968636,98.19455,98.107,98.43205,98.036285,98.38539,96.78355,97.9448,98.3418,98.12289,97.30316
92.547615,92.4526,91.82765,91.59498,92.52137,91.24202,92.1375,92.2325,91.578255,92.35985,92.25276,92.722244,92.591965,91.87016,92.919075,91.59352,92.273575,92.57055,92.4675,91.26686
85.72709,85.77183,85.072296,84.669075,85.827194,84.29893,85.652824,85.522995,84.748405,85.28997,85.13788,85.776474,85.366356,84.98097,85.52488,84.71151,85.203545,85.44514,85.38017,84.22837
81.90332,81.97022,81.16369,80.82395,82.012695,80.4802,81.9967,81.80726,80.89093,81.15449,80.99166,81.79848,81.23606,81.09666,81.079384,80.76642,81.0615,81.24863,81.32106,80.30668
80.9035,80.895676,80.0214,79.82045,80.93207,79.53541,80.9509,80.95855,79.85701,79.88429,79.65035,80.63965,79.991035,80.01821,79.59238,79.70453,79.80914,79.956635,80.15383,79.31525
81.59784,81.54029,80.65827,80.68749,81.57388,80.46812,81.38241,81.862114,80.70472,80.59456,80.28563,81.374855,80.75144,80.79028,80.242805,80.50987,80.6423,80.73974,80.98561,80.246544
82.40683,82.41493,81.57837,81.91908,82.40255,81.69958,81.97829,82.80781,81.85859,81.77962,81.537506,82.502525,82.06997,81.96101,81.60217,81.560486,82.05369,82.00938,82.31341,81.55143
82.010185,82.13871,81.380226,81.965675,82.03977,81.64049,81.6188,82.382164,81.75878,81.83486,81.85975,82.43818,82.2901,82.042816,81.997154,81.33017,82.27348,82.071266,82.43918,81.67612
79.622696,79.84347,79.15837,79.84971,79.68865,79.36387,79.467766,79.90541,79.518036,79.670044,80.082054,80.16302,80.24724,80.03886,80.14539,78.99051,80.115814,79.92069,80.23616,79.63784
77.024506,76.74242,76.54933,76.97883,76.736435,76.83236,76.94155,77.18918,76.8448,76.91382,77.506966,77.280975,77.49202,77.212654,77.4855,76.575584,77.1209,77.28641,77.29341,76.87956
72.75726,72.4827,72.36727,72.728355,72.45371,72.60441,72.72834,72.850716,72.5918,72.62406,73.19916,73.051834,73.23302,72.9172,73.16397,72.40616,72.78603,73.00762,72.99163,72.676605
67.23609,67.011894,66.96617,67.17349,66.96824,67.05645,67.21473,67.25308,67.09438,67.035904,67.49825,67.509964,67.549065,67.28257,67.445206,66.895096,67.17738,67.40792,67.32891,67.115234
62.8625,62.960262,62.662235,63.17995,63.22396,62.808548,63.718372,63.405033,63.052658,62.495132,63.150597,62.997253,63.10349,63.582767,62.786625,62.527035,62.74573,63.415543,62.88702,62.9119
63.317444,63.272034,63.105415,63.355713,63.584953,63.08723,63.846344,63.693363,63.247677,62.76448,63.162354,63.228783,63.16791,63.179123,62.75415,62.97969,63.036186,63.49013,62.982594,62.83515
67.059654,66.97953,66.858765,66.96318,67.28879,66.709145,67.07878,67.109505,66.808975,66.48241,66.62763,66.90175,66.68386,66.04066,66.18612,66.783615,66.73676,66.83916,66.518486,66.21877
73.604416,73.6618,73.524734,73.64588,73.970215,73.13277,73.147964,73.30855,73.35478,73.05531,73.02853,73.537384,73.144005,72.008865,72.77137,73.435875,73.290405,73.108894,73.04681,72.86122
81.54368,81.79832,81.66552,81.876045,82.08825,81.01782,80.86486,81.159966,81.33679,81.02363,80.902336,81.58676,80.995415,79.76356,80.86993,81.479065,81.20884,80.97096,81.07468,81.23335
89.19545,89.59993,89.450325,89.88891,89.752304,88.76849,88.46324,88.94838,89.13513,88.77935,88.571396,89.2921,88.67781,87.625984,88.654144,89.194595,88.825134,88.76851,88.87628,89.27414
95.27841,95.664505,95.464,96.24776,95.57007,95.03934,94.41299,95.15194,95.42331,94.99052,94.772575,95.40453,94.940895,94.1319,94.893234,95.227005,94.84803,95.13086,95.143715,95.65627
99.105835,99.321976,99.17109,100.17857,99.01753,99.13907,98.05146,99.02255,99.44605,98.94586,98.87669,99.309814,99.05584,98.3791,99.03085,99.02094,98.69787,99.24681,99.21238,99.74443
100.66371,100.66237,100.711525,101.682594,100.31655,100.98814,99.528145,100.53124,101.12718,100.60548,100.74948,100.95672,100.88894,100.1984,101.01648,100.666405,100.38646,100.97115,100.98704,101.46586
100.466705,100.297516,100.59072,101.3132,100.059906,100.95028,99.46837,100.20456,100.93153,100.41928,100.69364,100.76523,100.82428,100.055046,101.11816,100.60917,100.321106,100.75858,100.84816,101.24481
99.18775,98.93127,99.399475,99.74266,98.84035,99.56724,98.497086,98.755196,99.51663,98.99408,99.244415,99.34208,99.43254,98.62471,99.751495,99.3868,99.04709,99.27994,99.377914,99.69246
97.39804,97.100624,97.65588,97.562386,97.12466,97.415,97.02987,96.81475,97.502754,96.902336,96.98749,97.28277,97.266304,96.518776,97.456154,97.53358,97.078316,97.15649,97.17315,97.410614
95.20951,94.88551,95.47427,95.00606,94.98844,94.77519,95.030464,94.5538,95.103134,94.37183,94.24039,94.83284,94.567154,93.99026,94.58765,95.242905,94.59891,94.62125,94.52599,94.67856
92.242,91.91134,92.50886,91.870346,92.05522,91.510445,92.04327,91.62189,92.058815,91.20187,90.932686,91.762314,91.19959,90.86426,91.109,92.23133,91.41513,91.45506,91.30416,91.36125
87.961975,87.6591,88.242615,87.73049,87.77994,87.27404,87.568474,87.49253,87.920044,86.98664,86.750656,87.596466,86.8743,86.763245,86.73372,87.98776,87.16602,87.24701,87.1343,87.116264
82.224976,81.98085,82.52392,82.39798,82.01692,81.95736,81.61441,81.998726,82.5075,81.58202,81.534195,82.13715,81.52972,81.55208,81.3715,82.329124,81.737305,81.862236,81.85235,81.826996
75.28505,75.11747,75.603325,75.95823,75.06237,75.65391,74.59182,75.325554,75.932434,75.11998,75.298904,75.51772,75.2775,75.31322,75.11611,75.46631,75.25351,75.42841,75.5285,75.58353
68.053444,67.96859,68.39471,69.12051,67.874275,68.99432,67.472176,68.29201,68.94783,68.3241,68.62271,68.52381,68.75815,68.68064,68.561935,68.287346,68.41722,68.65443,68.813095,69.00704
61.82772,61.836155,62.193905,63.048573,61.76621,63.03992,61.51776,62.150436,62.77971,62.31852,62.565723,62.38718,63.006462,62.735355,62.694202,62.083546,62.35583,62.6699,62.797115,63.12884
57.718376,57.8339,58.089314,58.847046,57.81963,58.82229,57.73529,58.039047,58.56559,58.116077,58.231804,58.221893,58.965466,58.549923,58.49211,57.965622,58.127586,58.53381,58.54432,58.95395
56.317894,56.52904,56.653885,57.21604,56.583237,57.042572,56.62759,56.606106,56.972885,56.35994,56.4201,56.677223,57.21803,56.85288,56.663868,56.533607,56.416904,56.909367,56.767822,57.169308
57.50591,57.761204,57.78921,58.166496,57.910748,57.802395,58.04455,57.76915,57.966442,57.13131,57.276104,57.707623,57.828712,57.72867,57.348316,57.692238,57.30261,57.803352,57.536114,57.864166
60.640804,60.87121,60.89266,61.144855,61.148933,60.67754,61.31261,60.90039,60.978645,60.01817,60.326664,60.741898,60.45837,60.682808,60.143326,60.828045,60.324196,60.701664,60.376347,60.60905
64.89295,65.04784,65.14575,65.35782,65.43788,64.94994,65.546425,65.15792,65.214836,64.29961,64.7473,64.98449,64.503494,64.877815,64.330154,65.11734,64.68693,64.86185,64.56308,64.70667
69.5482,69.62282,69.80569,70.09038,70.02891,69.85141,69.99918,69.79156,69.94931,69.21204,69.683784,69.7005,69.31045,69.5094,69.1745,69.817635,69.58352,69.590836,69.38467,69.45626
74.10852,74.15585,74.34297,74.824776,74.456635,74.673775,74.18029,74.28049,74.65384,74.10825,74.45626,74.36314,74.2867,74.05318,74.10123,74.37726,74.367966,74.352104,74.241066,74.299835
78.451256,78.532104,78.629196,79.357086,78.66158,79.09453,78.05199,78.51874,79.08145,78.688995,78.84397,78.83148,79.02205,78.343216,78.824394,78.60814,78.77726,78.920074,78.84774,79.02057
82.66901,82.84982,82.83629,83.70422,82.81021,83.22997,81.956535,82.680504,83.24073,82.99606,83.00248,83.19375,83.40173,82.445206,83.26916,82.70019,82.92615,83.30321,83.228294,83.547104
86.97251,87.269806,87.197395,88.009895,87.11875,87.341835,86.250404,86.92631,87.40056,87.232,87.18299,87.56893,87.61009,86.57502,87.586845,86.94736,87.078285,87.598694,87.524734,87.886925
91.38325,91.72219,91.6604,92.25061,91.54121,91.463005,90.81533,91.23091,91.61508,91.41153,91.38453,91.89019,91.70217,90.7368,91.788734,91.33692,91.25658,91.78167,91.72594,92.06486
95.60047,95.88481,95.88659,96.19477,95.72815,95.38062,95.109604,95.337234,95.64148,95.323,95.3412,95.901024,95.51235,94.67813,95.66066,95.53927,95.22606,95.66176,95.63525,95.93029
98.96772,99.1278,99.21086,99.314476,99.00152,98.54934,98.34948,98.62328,98.889465,98.450874,98.478615,99.0607,98.57292,97.85238,98.697426,98.88389,98.43571,98.75865,98.74365,98.97707
100.58719,100.605034,100.74162,100.80955,100.47392,100.123985,99.702774,100.2065,100.48518,100.00282,99.9983,100.5721,100.12643,99.45624,100.14198,100.46597,100.05282,100.30663,100.263535,100.41179
99.945595,99.85859,99.99389,100.17777,99.672005,99.566574,98.83057,99.58121,99.89043,99.48019,99.44983,99.96316,99.677284,98.98998,99.55325,99.774826,99.55486,99.81993,99.71415,99.759384
97.14018,97.02255,97.11707,97.464035,96.75789,96.90714,95.96887,96.83618,97.155426,96.90372,96.903275,97.30003,97.20703,96.47794,97.00435,96.92417,96.97104,97.314156,97.13888,97.08305
92.7824,92.696945,92.75952,93.20109,92.3882,92.68531,91.75226,92.55577,92.84044,92.748955,92.846954,93.09847,93.143456,92.40903,92.96905,92.54621,92.80662,93.238716,93.02122,92.88767
87.8422,87.78771,87.84721,88.26269,87.50636,87.82209,87.09075,87.67172,87.90465,87.85328,88.08359,88.20348,88.313545,87.63592,88.21062,87.59095,87.921165,88.38968,88.175476,88.00159
83.36351,83.290985,83.35489,83.63087,83.10006,83.345085,82.97051,83.21766,83.37623,83.2182,83.53417,83.60469,83.723976,83.16831,83.6368,83.07866,83.325806,83.73902,83.57425,83.400856
79.92897,79.804756,79.86522,79.92648,79.73046,79.80845,79.889015,79.79496,79.84249,79.504395,79.78154,79.95292,80.00655,79.63118,79.861984,79.62244,79.67853,79.956726,79.8731,79.71997
77.31524,77.16283,77.212875,77.08207,77.18737,77.01208,77.47613,77.20137,77.15917,76.65463,76.76836,77.16821,77.097015,76.87549,76.838486,77.023636,76.89111,77.02514,77.02149,76.86472
74.80794,74.69816,74.71295,74.553276,74.7515,74.37112,74.92247,74.74155,74.67371,74.10562,74.03347,74.64771,74.47325,74.29222,74.06944,74.53967,74.354706,74.41519,74.45099,74.25939
71.795784,71.79525,71.72517,71.76233,71.78095,71.39754,71.70455,71.825386,71.77735,71.26446,71.12977,71.78505,71.59284,71.39355,71.081024,71.53308,71.46601,71.56844,71.57784,71.37367
68.20822,68.3371,68.16491,68.530815,68.21225,68.04484,67.97903,68.397484,68.37656,67.97059,67.962845,68.43417,68.329185,68.194435,67.80386,67.950836,68.10939,68.349205,68.28102,68.128006
64.62496,64.85125,64.6178,65.29003,64.66073,64.81433,64.50602,65.015854,65.013016,64.68982,64.93038,65.08188,65.15231,65.22809,64.69704,64.410484,64.81055,65.208084,65.05746,64.98658
62.197506,62.458733,62.22541,63.062847,62.29047,62.71081,62.423843,62.76035,62.760887,62.463207,62.94355,62.795734,63.070942,63.417797,62.71175,62.063026,62.626183,63.13658,62.923344,62.90542
62.132866,62.355907,62.169525,62.970455,62.279034,62.777615,62.722622,62.739403,62.71669,62.41946,63.024223,62.716766,63.136024,63.61955,62.840115,62.0618,62.648838,63.188602,62.931015,62.90326
65.177444,65.300896,65.16326,65.755844,65.328186,65.67031,65.88166,65.61498,65.56052,65.30207,65.872246,65.58709,66.00453,66.30003,65.70404,65.08522,65.56231,66.03883,65.75312,65.6599
71.20621,71.225426,71.08586,71.429276,71.33496,71.31903,71.65599,71.282776,71.27453,71.061,71.45582,71.37145,71.63093,71.40986,71.289734,71.01639,71.290504,71.64339,71.36762,71.19664
79.02404,79.013374,78.82422,79.02465,79.20447,78.67892,78.937645,78.74439,78.84555,78.618324,78.76766,79.02075,79.00319,78.174416,78.70861,78.73055,78.77127,79.00772,78.78953,78.6514
86.913574,86.99218,86.758606,86.95291,87.245255,86.304504,86.29884,86.556114,86.61152,86.41583,86.351135,86.92675,86.575134,85.40632,86.43722,86.61414,86.47267,86.628944,86.50849,86.49105
93.55726,93.81213,93.511154,93.83459,93.98667,92.98213,92.66062,93.34803,93.32294,93.16699,92.998314,93.71606,93.17664,92.086716,93.15148,93.32999,93.147606,93.28014,93.26482,93.275795
98.37503,98.72887,98.34077,98.85235,98.65693,97.93809,97.46616,98.30807,98.29024,98.12579,98.01993,98.66474,98.16377,97.424774,98.1288,98.14059,98.08076,98.3016,98.32134,98.29215
101.47702,101.76964,101.36427,101.98705,101.434555,101.17871,100.74922,101.465004,101.50942,101.32154,101.38896,101.83953,101.49957,101.1022,101.41277,101.17123,101.30539,101.65851,101.64132,101.56111
103.13895,103.27847,102.95574,103.560814,102.84986,102.967094,102.62998,103.10635,103.21621,103.03684,103.2454,103.52499,103.339195,103.06092,103.26107,102.789314,103.06902,103.483696,103.409195,103.296135
103.525604,103.52782,103.319916,103.80342,103.188995,103.4055,103.11814,103.42228,103.544525,103.42229,103.659004,103.869255,103.778076,103.3642,103.75165,103.16362,103.48899,103.87618,103.75183,103.622894
102.7169,102.64098,102.50415,102.80408,102.437294,102.49314,102.251595,102.51613,102.58029,102.52443,102.69217,102.92746,102.866844,102.204666,102.85239,102.31941,102.61038,102.93123,102.7629,102.610825
100.50095,100.39206,100.26972,100.38025,100.256805,100.04035,99.90572,100.218636,100.18399,100.153824,100.22212,100.529305,100.4388,99.62188,100.37224,100.034615,100.24736,100.52127,100.31512,100.114395
96.66287,96.545235,96.41574,96.407234,96.39832,95.97719,95.987595,96.36427,96.238655,96.18872,96.20129,96.5649,96.410324,95.654724,96.267624,96.14189,96.27763,96.55508,96.33024,96.06378
91.41152,91.29938,91.1772,91.182884,91.11052,90.68316,90.77265,91.18202,91.022415,90.93616,90.97409,91.32593,91.13319,90.61554,90.932915,90.900826,91.01629,91.33158,91.12008,90.79698
85.435585,85.336044,85.24136,85.3896,85.12518,84.915634,84.947365,85.33387,85.2229,85.10127,85.225334,85.48772,85.347046,85.09901,85.11633,85.00427,85.18286,85.527405,85.35731,85.01731
79.98937,79.90508,79.84266,80.16216,79.70694,79.83241,79.74897,80.0265,79.99814,79.85379,80.05782,80.206924,80.21325,80.14721,79.96611,79.67266,79.95163,80.28402,80.166435,79.869064
76.386055,76.325775,76.281975,76.673485,76.16642,76.53928,76.45365,76.53001,76.536446,76.38164,76.59672,76.69112,76.8634,76.860916,76.59471,76.17835,76.50329,76.78416,76.70881,76.49868
75.45163,75.42785,75.381294,75.69873,75.32569,75.68744,75.79437,75.63634,75.605484,75.4319,75.57819,75.716286,75.97722,75.94445,75.66225,75.307556,75.574875,75.795044,75.73242,75.60318
77.21755,77.227066,77.15413,77.321205,77.19083,77.279785,77.69226,77.36432,77.253815,77.037895,77.098,77.33947,77.55192,77.454445,77.17677,77.062416,77.19656,77.37885,77.29073,77.192635
80.96425,80.98457,80.86954,80.92139,81.008545,80.734375,81.38534,81.03019,80.85114,80.56621,80.605736,80.93017,80.96876,80.84731,80.569275,80.74185,80.7467,80.91191,80.76893,80.66107
85.354546,85.37268,85.22221,85.261635,85.4373,84.92731,85.60597,85.37483,85.18844,84.814606,84.93544,85.25555,85.08716,85.01628,84.73465,85.077995,85.03589,85.18077,84.99044,84.86611
89.08882,89.114365,88.95233,89.08281,89.18356,88.688835,89.18914,89.14699,89.020676,88.570465,88.83546,89.05293,88.767494,88.78182,88.51097,88.8337,88.828415,88.95329,88.76734,88.63566
91.37972,91.41942,91.265854,91.54616,91.440636,91.196754,91.39817,91.5241,91.490685,91.02161,91.4109,91.489075,91.23281,91.29606,91.060936,91.21093,91.27551,91.41118,91.27602,91.14291
92.05921,92.10462,91.96342,92.394264,92.0311,92.15414,92.004456,92.26428,92.32365,91.908905,92.34148,92.33463,92.20346,92.234764,92.06499,91.97442,92.11639,92.305984,92.21255,92.09014
91.41126,91.45628,91.32805,91.85137,91.28746,91.71649,91.23598,91.61373,91.7469,91.42523,91.82389,91.82944,91.815865,91.73439,91.67412,91.35279,91.574165,91.841896,91.7441,91.6536
90.12484,90.17518,90.06998,90.5668,89.95783,90.47904,89.817024,90.27172,90.4355,90.18134,90.51545,90.60541,90.63145,90.39066,90.48547,90.028366,90.300415,90.63285,90.48925,90.444725
88.967705,89.02392,88.957146,89.29126,88.81902,89.18124,88.606094,89.03421,89.1612,88.91007,89.18735,89.38151,89.35571,88.97603,89.21891,88.80743,89.051,89.39716,89.193695,89.18628
88.46758,88.51116,88.487595,88.586494,88.369705,88.40507,88.16383,88.44318,88.48248,88.18152,88.415344,88.69935,88.559975,88.121185,88.429855,88.25839,88.38053,88.67923,88.43179,88.4325
88.75039,88.75628,88.770226,88.662544,88.70549,88.38695,88.55709,88.631615,88.59012,88.2251,88.41138,88.767395,88.499176,88.09331,88.35241,88.52142,88.47405,88.69077,88.43317,88.410904
89.50709,89.46378,89.5077,89.30202,89.49151,88.931656,89.38073,89.31669,89.24843,88.84002,88.96223,89.37463,89.00734,88.6927,88.820625,89.281975,89.0955,89.23937,89.00118,88.9405
90.02602,89.94629,90.00849,89.85752,89.999535,89.4127,89.85844,89.82974,89.79342,89.386345,89.44601,89.87553,89.47779,89.25496,89.25038,89.81803,89.60001,89.71725,89.50857,89.41673
89.64034,89.55256,89.61381,89.659836,89.56532,89.18528,89.34605,89.518105,89.54824,89.194084,89.23771,89.604485,89.27314,89.089714,89.02932,89.453766,89.34215,89.49295,89.30616,89.20845
87.895805,87.82373,87.872345,88.182106,87.75758,87.73515,87.4794,87.89464,87.99441,87.72838,87.83631,88.0457,87.87571,87.66237,87.65108,87.7365,87.817696,88.046745,87.874825,87.80099
84.94529,84.89396,84.93493,85.46937,84.75499,85.10261,84.501205,85.0575,85.20955,85.02983,85.264656,85.26614,85.30987,85.026985,85.12866,84.82429,85.08592,85.39946,85.24301,85.2163
81.5934,81.553055,81.60237,82.22876,81.386246,81.97928,81.26997,81.76885,81.94653,81.80721,82.16735,81.99915,82.235756,81.909065,82.09672,81.51833,81.863785,82.2265,82.085,82.11476
78.91426,78.87267,78.94949,79.48189,78.73762,79.35429,78.84855,79.086975,79.25766,79.08005,79.49887,79.28114,79.61203,79.320755,79.49204,78.87983,79.17031,79.52486,79.38973,79.46574
77.945656,77.88911,78.0049,78.28183,77.83315,78.23532,78.18484,78.05438,78.18304,77.89242,78.2753,78.15668,78.4368,78.25745,78.3002,77.934326,78.036995,78.33173,78.18989,78.28138
79.06157,78.97823,79.1273,79.09735,79.02465,79.05168,79.51963,79.06402,79.13422,78.69832,78.97788,79.061066,79.15297,79.10546,78.969406,79.047806,78.89466,79.10269,78.94931,79.01671
82.07795,81.96572,82.131966,81.87189,82.10697,81.750984,82.57487,81.971085,81.99752,81.43621,81.60229,81.903595,81.73535,81.77599,81.49369,82.0448,81.665276,81.78535,81.62803,81.64704
86.220764,86.0983,86.26272,85.9374,86.2872,85.71643,86.56976,86.061714,86.08648,85.452065,85.54229,85.99231,85.59953,85.66515,85.3097,86.17747,85.690315,85.74415,85.59657,85.572014
90.366936,90.27138,90.408936,90.21145,90.426834,89.92501,90.45973,90.25002,90.32833,89.68827,89.75978,90.234,89.75566,89.80592,89.440575,90.33923,89.91124,89.94704,89.81722,89.77634
93.62917,93.58342,93.67677,93.741165,93.63202,93.45622,93.47875,93.61606,93.78768,93.211655,93.31649,93.68964,93.30638,93.32326,92.9909,93.62802,93.39752,93.48198,93.36471,93.337685
95.57341,95.56204,95.62274,95.961784,95.4849,95.735245,95.27532,95.653534,95.918236,95.458275,95.62781,95.83136,95.673096,95.63559,95.37716,95.591995,95.59775,95.78233,95.66258,95.66863
96.03717,96.02901,96.08753,96.615234,95.86703,96.46339,95.68747,96.15901,96.47943,96.15093,96.39033,96.43632,96.51903,96.38638,96.25971,96.06546,96.248146,96.54289,96.40663,96.4513
95.1741,95.15611,95.2358,95.82481,94.97521,95.72345,94.819824,95.29282,95.61638,95.39072,95.68348,95.64128,95.87718,95.60257,95.66576,95.19794,95.46061,95.83681,95.67509,95.75306
93.32053,93.30067,93.40648,93.92924,93.15296,93.83294,92.96445,93.41649,93.69436,93.504,93.821365,93.7718,94.03301,93.60353,93.869316,93.31754,93.56914,93.97916,93.78956,93.88514
90.96895,90.95238,91.07661,91.446365,90.86071,91.31135,90.609795,91.04223,91.23842,91.01127,91.31876,91.31948,91.50571,90.97211,91.36793,90.92182,91.09323,91.49046,91.27519,91.36501
88.656,88.63499,88.76051,88.96756,88.60078,88.76897,88.31566,88.704056,88.81227,88.51451,88.781105,88.85782,88.925095,88.39193,88.77338,88.56201,88.619415,88.975876,88.74291,88.80249
86.969925,86.936195,87.0425,87.14014,86.94784,86.874565,86.70056,86.97807,87.027374,86.67146,86.87807,87.0382,86.98396,86.559616,86.783005,86.84046,86.78966,87.09806,86.86055,86.8742
86.314255,86.26834,86.34414,86.39407,86.30533,86.06976,86.16535,86.27039,86.29782,85.914085,86.0598,86.3058,86.14006,85.87911,85.88478,86.16664,86.03745,86.29486,86.071396,86.03744
86.903244,86.8491,86.89733,86.935,86.88789,86.57222,86.87283,86.81633,86.840355,86.45129,86.54859,86.87436,86.60982,86.48706,86.325615,86.75292,86.581566,86.77829,86.5855,86.516914
88.501366,88.44478,88.47422,88.525475,88.46184,88.152885,88.5106,88.4072,88.4344,88.04747,88.1203,88.492325,88.15979,88.09467,87.88346,88.35648,88.19064,88.32192,88.16561,88.08636
90.4607,90.41155,90.42519,90.53501,90.39061,90.17291,90.397934,90.40513,90.44996,90.06406,90.15462,90.50631,90.1693,90.07331,89.92572,90.32025,90.22487,90.31247,90.18561,90.12023
92.01358,91.97611,91.97945,92.18927,91.92224,91.840385,91.83935,92.022766,92.10094,91.71661,91.87343,92.13336,91.87312,91.69272,91.66356,91.87157,91.89302,91.98337,91.874916,91.8367
92.51768,92.48072,92.48981,92.79453,92.41904,92.45201,92.301315,92.58043,92.685036,92.31047,92.55686,92.69408,92.56863,92.303604,92.371574,92.37429,92.491806,92.628784,92.52926,92.51357
91.65504,91.604836,91.63601,91.99284,91.5587,91.65871,91.51211,91.746315,91.85243,91.49776,91.814804,91.85962,91.86715,91.57355,91.656334,91.52931,91.67147,91.86926,91.77014,91.764336
89.40891,89.34699,89.404335,89.77115,89.318146,89.47046,89.40696,89.518234,89.611244,89.28097,89.6251,89.64247,89.72659,89.48989,89.4937,89.32155,89.438995,89.68689,89.57843,89.578514
86.025604,85.97346,86.04829,86.39879,85.94414,86.16385,86.13606,86.16095,86.25005,85.93204,86.26563,86.308205,86.398476,86.27314,86.16276,85.975945,86.07231,86.35683,86.23052,86.23931
82.09522,82.07236,82.1571,82.467476,82.02426,82.30748,82.22648,82.27538,82.364624,82.03142,82.3379,82.421104,82.47706,82.4455,82.26171,82.0675,82.16488,82.46829,82.322556,82.33645
78.23666,78.24151,78.33287,78.59461,78.17395,78.48719,78.300674,78.47315,78.542885,78.18,78.46529,78.56895,78.59278,78.58303,78.39751,78.21908,78.32426,78.62468,78.463,78.47224
75.31796,75.33454,75.42455,75.66131,75.265564,75.57718,75.27154,75.5864,75.62976,75.249626,75.526215,75.62312,75.64662,75.5822,75.44499,75.309105,75.41194,75.697655,75.52462,75.526085
74.26016,74.27939,74.35316,74.59463,74.22869,74.512535,74.13217,74.498116,74.54916,74.16579,74.43877,74.5285,74.582146,74.42997,74.34206,74.26077,74.34289,74.61435,74.43682,74.43936
75.82454,75.84088,75.887856,76.12084,75.81824,76.021194,75.71437,75.95897,76.050964,75.65838,75.91398,76.04236,76.11358,75.90127,75.81904,75.82032,75.84807,76.1025,75.92988,75.94451
80.395035,80.38983,80.42313,80.56962,80.399994,80.43985,80.41615,80.37832,80.491165,80.07883,80.27865,80.515785,80.52805,80.31926,80.19189,80.35918,80.27972,80.48974,80.32919,80.3573
87.61191,87.562096,87.611664,87.60356,87.60803,87.44327,87.767105,87.46359,87.53841,87.10974,87.21503,87.599174,87.45369,87.29412,87.119446,87.53096,87.31831,87.43998,87.289246,87.32199
96.177635,96.089836,96.16304,96.06466,96.16754,95.870026,96.29306,95.999374,96.02254,95.58018,95.60789,96.09508,95.75921,95.63607,95.485275,96.072075,95.80026,95.814064,95.66734,95.69569
104.175606,104.08528,104.16917,104.13698,104.188354,103.894844,104.09293,104.08216,104.10638,103.646675,103.686226,104.15818,103.714066,103.56456,103.537476,104.07545,103.88455,103.83238,103.69917,103.71592
109.81027,109.73176,109.819214,109.936356,109.84306,109.632195,109.524895,109.82283,109.88895,109.417305,109.56182,109.90487,109.49572,109.24466,109.39964,109.7155,109.656815,109.6247,109.531044,109.51899
111.73049,111.65321,111.73834,111.99981,111.722115,111.62756,111.30654,111.80079,111.90101,111.44031,111.71967,111.89871,111.62897,111.24745,111.54578,111.642,111.64469,111.70816,111.667305,111.61199
109.38668,109.30444,109.38285,109.79596,109.26801,109.3877,108.89211,109.497635,109.613594,109.22449,109.60459,109.653656,109.54174,109.09071,109.41419,109.322464,109.36406,109.55696,109.53923,109.463524
103.32202,103.248184,103.32097,103.901215,103.1111,103.51791,102.79531,103.46681,103.62157,103.37115,103.78998,103.76058,103.771385,103.33696,103.609505,103.26875,103.43136,103.76191,103.71218,103.65709
95.21564,95.16003,95.257416,95.884964,95.00391,95.56751,94.71221,95.37348,95.57395,95.426865,95.82652,95.772575,95.859,95.48389,95.71674,95.133545,95.44395,95.85834,95.74508,95.72522
87.19355,87.13061,87.28138,87.72754,87.0242,87.491646,86.83536,87.368225,87.50142,87.3416,87.69057,87.659134,87.76936,87.45806,87.669754,87.076614,87.40479,87.77852,87.61056,87.610916
81.19707,81.105705,81.25781,81.42061,81.061516,81.27146,81.03795,81.36977,81.33647,81.085785,81.37576,81.400345,81.47114,81.205444,81.38104,81.0661,81.24301,81.48094,81.298065,81.295204
78.36546,78.28037,78.34487,78.293724,78.29152,78.16818,78.356316,78.45733,78.32016,77.94982,78.19368,78.32073,78.27656,78.01681,78.145615,78.22876,78.18514,78.27143,78.137054,78.11406
78.95739,78.91604,78.87746,78.68258,78.97567,78.45152,79.065475,78.883385,78.74451,78.24852,78.44832,78.762985,78.51699,78.24367,78.31187,78.795975,78.52993,78.49328,78.45855,78.40508
82.199814,82.19126,82.12046,81.823975,82.26812,81.4215,82.36115,81.99004,81.855835,81.277145,81.40015,81.939125,81.43428,81.19746,81.16365,82.007095,81.565605,81.42968,81.480835,81.4057
86.44586,86.45299,86.376816,86.18879,86.48446,85.67312,86.45309,86.29707,86.1559,85.56769,85.63509,86.26002,85.5816,85.4613,85.29747,86.252525,85.839294,85.641716,85.70158,85.64466
89.844864,89.88657,89.785835,89.9645,89.83276,89.468925,89.652695,89.956665,89.86164,89.324905,89.47018,89.90925,89.31163,89.333885,89.07717,89.701294,89.59464,89.416756,89.4283,89.430305
91.36416,91.418304,91.33459,91.879364,91.31351,91.52757,91.15964,91.747894,91.72531,91.272804,91.630615,91.68876,91.42717,91.52868,91.276634,91.2915,91.54779,91.48441,91.466774,91.51928
90.82503,90.843636,90.823975,91.54454,90.72822,91.37496,90.75228,91.34402,91.36916,90.992294,91.56849,91.28549,91.42796,91.483925,91.339096,90.85051,91.25039,91.34091,91.3465,91.39926
88.719406,88.68395,88.73314,89.462555,88.58503,89.440025,88.80772,89.24387,89.28693,88.97562,89.645584,89.249214,89.649506,89.59156,89.565475,88.8594,89.202126,89.4033,89.43632,89.47096
85.95332,85.89219,85.98988,86.595604,85.859634,86.652084,86.15082,86.3578,86.43123,86.18116,86.786705,86.51519,86.93565,86.77864,86.81944,86.12704,86.37305,86.6284,86.630905,86.663666
83.5606,83.51053,83.64536,83.957634,83.55986,84.01311,83.79746,83.76227,83.86729,83.592415,84.03116,84.02671,84.25488,84.03289,84.11792,83.65177,83.77921,84.02637,83.94585,83.97775
82.37141,82.32774,82.47541,82.416595,82.42578,82.40095,82.57799,82.41944,82.46243,82.057274,82.31491,82.59082,82.51765,82.26638,82.386086,82.34787,82.295815,82.45516,82.28728,82.30197
82.799706,82.74789,82.85674,82.55972,82.86632,82.44386,82.89303,82.800415,82.706276,82.16972,82.303314,82.7619,82.41103,82.17543,82.28292,82.709564,82.4646,82.50611,82.30403,82.28599
84.815544,84.77787,84.81225,84.50762,84.89426,84.29211,84.762314,84.84175,84.65385,84.065834,84.16342,84.677246,84.16128,83.9832,84.01707,84.722336,84.36721,84.32614,84.17713,84.11828
88.26724,88.27351,88.24297,88.09068,88.346146,87.78684,88.10659,88.33478,88.1607,87.59975,87.71629,88.210526,87.657906,87.547424,87.4876,88.20174,87.862045,87.7992,87.75452,87.6627
92.7494,92.794945,92.73744,92.794945,92.7774,92.43927,92.51926,92.839775,92.76827,92.288574,92.41833,92.86561,92.37239,92.29477,92.18871,92.70284,92.489426,92.45595,92.48122,92.39405
97.53372,97.58429,97.534485,97.81121,97.47095,97.46344,97.225395,97.62566,97.69214,97.32594,97.45572,97.817535,97.45188,97.33618,97.28609,97.47919,97.467804,97.49631,97.506065,97.47232
101.72886,101.74803,101.727394,102.190544,101.593216,101.8954,101.33278,101.81844,101.991646,101.73565,101.89852,102.11155,101.927536,101.69494,101.81027,101.65015,101.84584,101.95134,101.890915,101.92864
104.56503,104.53317,104.552444,105.10856,104.41254,104.86609,104.12134,104.6583,104.857475,104.66819,104.924,104.94872,104.95939,104.566284,104.901955,104.46616,104.779976,104.95472,104.839615,104.91782
